626
642
432
288
247
243
249
181
211
192
123
125
276
142
29
43
36
33
23
87
97
28
28
37
46
77
668
678
679
677
678
678
677
674
673
671
257
242
219
217
199
166
350
675
666
671
677
38
38
40
33
33
35
468
619
686
581
608
604
600
604
608
598
612
598
609
602
606
605
611
601
608
603
606
607
602
610
598
612
597
611
602
606
603
605
606
600
611
597
608
598
612
598
609
604
605
607
584
589
571
593
572
590
575
570
593
571
592
571
577
588
578
586
578
580
582
582
576
586
578
587
574
590
571
590
571
591
569
591
592
567
575
550
571
554
559
538
558
535
555
537
557
541
554
545
552
549
546
555
553
543
557
537
559
559
537
558
540
554
545
551
550
544
557
538
559
538
557
543
542
553
549
546
557
556
545
549
557
537
537
557
541
551
554
539
559
541
550
554
539
559
541
550
554
553
549
543
558
538
539
552
552
538
557
542
549
557
538
552
546
538
558
546
547
543
559
540
534
559
543
559
544
551
557
553
538
555
553
543
538
553
556
540
552
542
538
550
555
559
556
543
540
544
558
546
540
556
551
538
555
553
539
553
570
552
559
571
557
553
564
549
562
571
557
565
551
557
569
563
549
560
571
563
550
558
568
568
555
549
570
559
549
559
570
563
572
562
550
555
569
568
555
550
561
572
565
553
552
563
552
563
572
564
553
567
570
560
550
555
552
552
562
571
566
554
553
563
571
564
552
553
563
572
564
559
568
569
558
549
559
549
557
566
572
559
550
554
563
572
566
556
550
559
566
555
564
572
569
560
560
567
573
567
558
551
552
561
568
573
568
560
557
558
566
573
579
576
568
559
576
568
560
557
561
579
576
568
560
556
563
569
577
579
573
569
561
557
557
563
560
557
558
562
566
578
578
573
569
565
565
567
569
572
575
579
579
577
575
574
571
570
568
567
564
561
563
565
565
566
567
566
566
566
566
556
556
556
556
556
557
557
557
558
559
561
562
563
564
566
573
572
571
570
570
571
571
571
570
570
569
568
568
567
566
566
565
564
564
562
570
569
567
566
564
563
525
435
598
602
601
600
597
595
594
593
592
592
591
591
602
591
591
591
594
597
602
591
600
599
596
595
594
594
593
596
597
598
599
600
598
599
599
599
598
597
598
599
600
601
594
592
591
590
589
595
593
592
592
592
601
598
595
593
591
601
600
597
595
593
592
589
589
592
596
599
601
601
596
591
591
590
596
599
601
600
595
592
590
593
590
593
597
600
595
599
591
588
593
598
600
593
589
590
597
601
595
591
589
596
596
600
597
591
589
595
590
593
598
600
593
589
596
600
596
591
587
596
600
598
598
591
591
599
597
596
599
591
590
598
600
591
589
597
599
594
588
595
597
592
589
591
596
590
595
600
593
589
598
599
600
592
588
597
597
597
588
595
600
591
588
596
599
591
595
600
592
591
599
593
589
598
597
587
597
599
594
588
598
594
600
591
591
600
591
623
624
553
534
587
644
614
674
671
672
675
671
673
676
674
671
674
674
672
675
673
676
674
676
678
674
677
676
672
675
674
674
678
675
677
675
674
678
674
676
547
678
673
676
675
673
676
674
676
679
673
676
675
676
674
676
676
673
676
675
658
653
662
653
660
655
656
661
651
660
655
657
658
656
652
661
654
657
660
651
661
655
657
585
652
662
657
653
662
652
660
660
652
662
653
659
655
655
660
652
662
654
658
656
651
662
658
657
653
662
653
654
662
651
659
655
657
658
653
662
652
661
654
661
654
659
654
659
655
658
655
659
653
661
652
662
654
658
655
658
655
658
656
657
656
658
655
654
656
658
658
658
654
660
652
661
656
658
655
658
655
655
657
655
659
653
657
655
658
655
660
653
533
651
662
651
657
655
651
659
655
656
652
657
657
656
657
655
660
652
661
660
651
661
653
661
657
657
655
657
657
657
654
659
652
662
651
661
655
658
654
657
657
654
661
650
661
655
655
660
651
652
662
653
656
658
662
654
659
657
653
662
654
656
660
652
659
658
652
661
661
661
657
652
660
658
651
656
660
653
654
662
655
654
661
657
656
660
654
656
661
662
655
655
662
656
653
662
657
652
659
660
654
654
662
658
656
660
652
655
662
658
661
654
655
662
658
651
656
662
656
650
657
661
656
652
657
662
657
656
661
662
655
657
663
659
653
657
663
659
654
654
656
663
659
652
659
662
657
655
661
662
657
654
659
663
653
657
663
660
653
660
653
656
660
663
659
654
656
661
663
658
653
655
658
663
656
652
657
662
661
658
663
660
656
653
663
658
655
655
660
